Ind.ID origin.pop pred.pop BM BN ITCS SICO SP CROA FR GR MAC
BM BM BM 0.388069886287305 0.0848998288553723 0.127783546852744 0.0440421104476421 0.0473043317957089 0.0499713896985888 0.0331234853932674 0.048756680288158 0.176048740381213
BM BM BM 0.467667523094574 0.0730068613515924 0.141374299020227 0.0445571897978274 0.0537092333669989 0.0425177325871964 0.0301841676565055 0.0411429922060824 0.105840000918995
BM BM BM 0.311810652430187 0.071213712140819 0.2337204940644 0.079239290212305 0.100729788135112 0.0461334596290382 0.0392969758918021 0.0426363486037012 0.075219278892636
BM BM BM 0.504929143257986 0.0699156995206539 0.145636386325513 0.0391264229826171 0.0643566988637294 0.042746467927052 0.0264119331904552 0.0501453467728 0.0567319011591943
BM BM BM 0.550511109990458 0.071718367807024 0.0828900220295947 0.0242019108556955 0.0290343339166276 0.041329140956599 0.0206207899439993 0.053277663126684 0.126416661373318
BM BM BM 0.525488642578295 0.0634574036170649 0.0496437153492971 0.0127158724126117 0.0170770033587078 0.0364687790227484 0.0113621397663646 0.213660942817078 0.0701255010778324
BM BM BM 0.570670280726737 0.0686816803347838 0.104745090396995 0.0291300251102665 0.0386766538033215 0.0395492066197409 0.0223905382347034 0.045511590383906 0.0806449343895457
BM BM BM 0.437765310311432 0.0797487258518724 0.0588647457206045 0.0185314207337746 0.0208990737057472 0.0481232062254104 0.0177567875364114 0.129983223293138 0.188327506621609
BM BM BM 0.593548068726903 0.0662057836680971 0.0588604494491694 0.0152824280626358 0.0199632075281621 0.0379706688909442 0.0140138170439805 0.104002554761187 0.0901530218689203
BM BM BM 0.603411283113084 0.066398875010594 0.0635630268046128 0.0165546372478491 0.0217042445823038 0.03806775548081 0.0149771082120761 0.0855620283546373 0.0897610411940323
BM BM BM 0.568948772321376 0.0701778917175251 0.0733852662672876 0.0207294195999084 0.0253265558851069 0.0404297474974924 0.0183027714061086 0.0626336703088062 0.120065904996389
BM BM BM 0.269085162485008 0.0935980941926087 0.16882717562057 0.0629744470451022 0.0646405939827435 0.0567570647868899 0.0430001309867227 0.0534099121047133 0.187707418795642
BM BM BM 0.548893109096884 0.0657750318898087 0.0511159076341477 0.0134175406778221 0.0172732291582848 0.0377528063516249 0.0123956935866655 0.16302568518815 0.0903509964166125
BM BM BM 0.551343785302001 0.0656901091964629 0.0513475920857672 0.0134420196228725 0.0173619429828276 0.0376982401991166 0.0124038911001296 0.161587078471638 0.089125341039185
BM BM BM 0.515815423652785 0.06385804681854 0.0485042288266138 0.012609760758766 0.0166129315716716 0.0366658230861745 0.0113507492929902 0.219447355005483 0.0751356809869758
BM BM BM 0.574552053189377 0.0679785449256695 0.108487852078811 0.0295851560268663 0.0409397223257112 0.039588143803855 0.0223839558730644 0.0466573687327217 0.0698272030439236
BM BM BM 0.491654389525456 0.069919085679292 0.0495383720314948 0.0140723368949525 0.0167257004834218 0.0407892535806625 0.0133988811388721 0.169189579216331 0.134712401449518
BM BM BM 0.289674146413098 0.0703589781007369 0.245851496277202 0.0843378560071454 0.106401149893695 0.0463594784655106 0.0401938388881165 0.0419190467156697 0.0749040092388246
BM BM BM 0.437650554776152 0.0683062171051043 0.0445376145870803 0.0127705732437319 0.0150846167474507 0.0398850882459599 0.0121209506419036 0.238476783217254 0.131167601435363
BM BM BM 0.364493213363524 0.0724885277171994 0.204195745292414 0.0674536844334312 0.0843478061326986 0.0449460239814621 0.0368522081246026 0.0425591046039517 0.0826636863507165
BM BM BM 0.291013732265267 0.0746920947157665 0.219708435020202 0.0771711861423082 0.0864963618731038 0.0470915532989821 0.0408721530951627 0.0406021335810351 0.122352350008173
BM BM BM 0.442059138613274 0.0678822970252738 0.0444701544708431 0.0126735556259032 0.0150409528925262 0.0395511965557014 0.0119975366501208 0.239125132763191 0.127200035403167
BM BM BM 0.48263609253491 0.0743248458188245 0.121061141216136 0.0381622968647433 0.044587710217614 0.0429478403563871 0.028066559345709 0.0422464665143787 0.125967047131298
BM BM ITCS 0.215068148945849 0.0656782923410289 0.290916935833907 0.101348197013099 0.121359582521453 0.0454231106806053 0.0415937467341558 0.0367565274500523 0.0818554584798503
BM BM BM 0.461364173153695 0.0802525935822097 0.0662341236548065 0.0208776731749955 0.0234451915415813 0.048082938575358 0.019567546540854 0.0948729085794948 0.185302851197006
BM BM BM 0.50385079030527 0.0765799667154802 0.083643693683884 0.0258497446144484 0.0294767338661035 0.0446941190267733 0.0223362909731751 0.056647705933013 0.156920954881853
BM BM BM 0.493670549712469 0.0723326253190011 0.129413539679525 0.0398748501453174 0.0485641727393493 0.041850379690509 0.0281658872441193 0.0413874752024439 0.104740520267266
BM BM FR 0.00847941387431457 0.00853087072890087 0.228505848995112 0.14972169598627 0.0312545494225824 0.00853539360350437 0.554270630399766 0.00377409970266236 0.00692749728688736
BM BM BM 0.554372196539047 0.0693138929110689 0.113770096834524 0.0321621507734531 0.0426562535882567 0.0400356243909439 0.0238927873981278 0.0440962073578894 0.0797007902066897
BM BM ITCS 0.248783849620974 0.0686022024728053 0.266470211233785 0.0924317383017494 0.110092824280765 0.0459356490031306 0.0412915418107892 0.038601358088942 0.0877906251870594
BM BM BM 0.618634651415076 0.0655398781437286 0.0688879581397231 0.0175216322169886 0.0239208027572103 0.0376129977517852 0.0154530367741439 0.0763393226550246 0.0760897201463201
BN BN GR 0.20794228556726 0.0479699924502994 0.0285819056015983 0.00839261748430804 0.0103920465797158 0.0299246388021174 0.0072407207220612 0.617067661241289 0.0424881315513511
BN BN GR 0.185628309370234 0.0456311858055956 0.0270695836870656 0.00799946432036707 0.00996274996550553 0.029132798747214 0.00686034002592408 0.651281508103537 0.0364340599745564
BN BN ITCS 0.156679949030394 0.0592867891159742 0.311888673933092 0.122506378297832 0.165727693051312 0.0468418044724865 0.0484469647757333 0.036801632608896 0.0518201147142798
BN BN ITCS 0.0312785769533677 0.0235148261926422 0.523212300616404 0.224492677639879 0.0748857233273767 0.0183198397577613 0.0649589238593714 0.00857147242703593 0.030765659226162
ITCS ITCS SICO 0.0163007688007869 0.012927569057065 0.250024244626689 0.304056221141984 0.0849284958224083 0.0126485063529638 0.302439886535284 0.0067516926728357 0.00992261498998275
ITCS ITCS FR 0.00820791284307162 0.00853398941606115 0.317637694683005 0.174799717406257 0.0354743608461541 0.00822810494532254 0.436481894993626 0.00305970191579413 0.00757662295070874
ITCS ITCS ITCS 0.0170725725521278 0.0143570078231921 0.426257439362916 0.266861014197097 0.059521659534934 0.0124080730171525 0.183862072909767 0.00540652480368655 0.014253635799127
ITCS ITCS FR 0.0124756571352294 0.0111203544828967 0.302132640041217 0.259472835817696 0.0504857477250331 0.0103944690053224 0.340119641525967 0.0048415969170151 0.00895705734962244
ITCS ITCS ITCS 0.0468328043754512 0.0304646887745786 0.325752428159373 0.225613941682373 0.204324977811383 0.0286096706735339 0.0960439610610631 0.0175199408639636 0.0248375865982801
ITCS ITCS ITCS 0.0360724694997872 0.0238927342404998 0.482813311238025 0.266358314887711 0.0750652007457339 0.0190138243554416 0.0584602676527252 0.00945629025256809 0.0288675871275088
ITCS ITCS BM 0.408084460150725 0.0723730411881108 0.182433926847564 0.0538110686364204 0.093711296136449 0.0468445821971071 0.0331103284515253 0.0517126580429899 0.0579186383491085
ITCS ITCS ITCS 0.0252710517993653 0.0175572028988854 0.369516240748213 0.35332190162883 0.0903890412344523 0.0157354398378877 0.105264377841731 0.00800419395595967 0.0149405500546757
ITCS ITCS SICO 0.0208956132612419 0.01532034000852 0.332978785118815 0.359091749301985 0.0881805194486944 0.0141877840706904 0.149809286236002 0.00723996332290027 0.0122959592311505
ITCS ITCS ITCS 0.0125175742776286 0.0120459213621178 0.424953511808275 0.219554168086259 0.0506104944839344 0.0106920944437354 0.252999680591676 0.00416012304713812 0.0124664318992359
ITCS ITCS SICO 0.0218147647511425 0.0157577488820773 0.335524863266327 0.360613678336101 0.0927952247053029 0.0145949241068473 0.138757184627491 0.0074616215533089 0.0126799897714018
ITCS ITCS ITCS 0.0182249059400571 0.014385297065805 0.366678115754434 0.323563692216656 0.0644114807171876 0.0128404849683405 0.181393573199427 0.0062253845518034 0.0122770655862896
ITCS ITCS SICO 0.0176993889257829 0.0135485719758624 0.278695533240642 0.339767323988368 0.0934285090200145 0.0131897123191438 0.226316079459519 0.00691645778666158 0.0104384232840059
ITCS ITCS BM 0.265403588733953 0.0691046084981367 0.259727503299922 0.0903415774112817 0.115330424875106 0.0467368396546962 0.0411317712071759 0.0415468098959027 0.0706768764238261
ITCS ITCS SICO 0.0161520828951385 0.0128508088417897 0.282143250044942 0.322050577347485 0.0752129134188638 0.0123338360569775 0.262806817902044 0.00639938898250192 0.0100503245102571
ITCS ITCS ITCS 0.0243637830930336 0.017436926068981 0.394973924519127 0.337910879708028 0.0751193155927218 0.0151920767161875 0.111869252886974 0.00758298052587534 0.0155508608890723
ITCS ITCS ITCS 0.0143011120724004 0.0122062819997027 0.333249009855507 0.289680047856266 0.0559315489626982 0.0111503104251103 0.268205352484642 0.0052226974191075 0.0100536389245656
ITCS ITCS ITCS 0.0404509479356727 0.0254413809350227 0.471711633104831 0.271339181844277 0.0791389972774418 0.0202503089498341 0.0503975016991728 0.0103672075862655 0.0309028406674825
ITCS ITCS ITCS 0.0237383813120117 0.0175907616508523 0.431586004912007 0.304450920650118 0.0677754538033107 0.014882082618994 0.115688980247441 0.00712938814737049 0.017158026657894
ITCS ITCS SICO 0.0163006252597218 0.0129422912377358 0.28830168895955 0.325770730577266 0.0745823950921495 0.012360700067425 0.253213874110923 0.00638185445246228 0.0101458402427667
ITCS ITCS ITCS 0.029061456660676 0.0215340842146908 0.504244955948739 0.244627583415489 0.0722568061647895 0.017143181604992 0.0768453238526459 0.00797695751369606 0.0263096506242816
ITCS ITCS ITCS 0.0195410185316253 0.0176602949532014 0.51812953627287 0.210517896949346 0.0669783978422279 0.0144622822860288 0.125601547456541 0.00600323284371159 0.0211057928644487
ITCS ITCS ITCS 0.0203167325763255 0.0160343872297578 0.432871715823362 0.285619921374616 0.063898741253397 0.013649698227721 0.145507884539676 0.00624934025606154 0.0158515787190842
ITCS ITCS SICO 0.0182275564201658 0.0138114255865846 0.281348204993063 0.344317848665214 0.0978598819801442 0.0134562655855484 0.213301336100705 0.0070530910280399 0.010624389640536
ITCS ITCS ITCS 0.0562177172879981 0.0310235961403045 0.434377259876255 0.261501602439009 0.10365817063337 0.0247124536087786 0.0350938159819248 0.0136022474046501 0.0398131366277088
ITCS ITCS ITCS 0.0216934125202886 0.0198264459964868 0.550938718883192 0.189031958981905 0.071911798912642 0.015797325229607 0.0989696169969476 0.00657385049462954 0.0252568719843013
ITCS ITCS FR 0.0150748787011903 0.0124182519973295 0.230985194861472 0.262204423665134 0.0701614429191483 0.0121306394251337 0.380824541149713 0.00652547037407227 0.00967515690680759
ITCS ITCS FR 0.0150748787011903 0.0124182519973295 0.230985194861472 0.262204423665134 0.0701614429191483 0.0121306394251337 0.380824541149713 0.00652547037407227 0.00967515690680759
ITCS ITCS FR 0.0115303664333912 0.0105517129170116 0.278342809747838 0.23343071951858 0.0463626148244644 0.0100319323969188 0.396628712482952 0.004690811862696 0.00843031981614898
ITCS ITCS FR 0.0214902728359375 0.0162027452815932 0.215926320625393 0.260024991812657 0.145674803590267 0.0165857838416981 0.302057893971569 0.0095471253178928 0.0124900627229931
ITCS ITCS ITCS 0.0207322333824795 0.0156218424233192 0.373473299205489 0.338145366871694 0.0703048121237808 0.0138562542006997 0.147629693784221 0.006859578433095 0.0133769195752222
SICO SICO ITCS 0.024817180698237 0.0186982288110888 0.47077870007404 0.27039320642959 0.0683634191434965 0.0153908278106803 0.104016161677559 0.00711470944120478 0.0204275659141033
SICO SICO ITCS 0.0127080655319309 0.0114907624831431 0.365653156634432 0.252452268107688 0.0503952763458987 0.0103726331473578 0.282332332550649 0.00437495613784972 0.0102205490610503
SICO SICO ITCS 0.0127080655319309 0.0114907624831431 0.365653156634432 0.252452268107688 0.0503952763458987 0.0103726331473578 0.282332332550649 0.00437495613784972 0.0102205490610503
SICO SICO ITCS 0.0303107648126807 0.0235372661739575 0.53243378514531 0.214412512746078 0.0755590083104307 0.0182641627798892 0.0658286369163436 0.00842882572054708 0.0312250373947628
SICO SICO ITCS 0.0229789901778841 0.017424147644925 0.444555377069633 0.288926758298674 0.066592344122849 0.0146359957992627 0.120395096977388 0.00684149619814725 0.0176497937112372
SICO SICO ITCS 0.0434230298811526 0.0268905747945531 0.473513422933838 0.263490714716626 0.0806461211817654 0.0211993313404783 0.0458691241187002 0.0109885194319049 0.0339791616009809
SICO SICO ITCS 0.0297119133261535 0.019922697727791 0.417585469140798 0.326961979260421 0.0810039664799694 0.0169881785043199 0.0802400790889886 0.0085792761802447 0.0190064402913133
SICO SICO ITCS 0.0200386312975062 0.0158723140036938 0.430538519494563 0.28593551314334 0.0635792843070967 0.0135399989595494 0.148691829118339 0.00619221466787999 0.0156116950080321
SICO SICO ITCS 0.0337719920639449 0.0215041194714813 0.417152575629162 0.32248692194328 0.0911996886112185 0.0184005637787227 0.0649134456048738 0.00944673796457093 0.0211239549327457
SICO SICO ITCS 0.0438330993565024 0.0256458253157664 0.38958953954614 0.293677722798349 0.139104276059453 0.0223298142391327 0.048837778272029 0.0121446240374949 0.024837320375133
SICO SICO ITCS 0.0591526890143062 0.0315654507395931 0.41484473918434 0.259740920539752 0.122553427842269 0.025492307731525 0.0341061537723735 0.0142870170546231 0.0382572941212181
SICO SICO ITCS 0.0202104006351271 0.0163548562188277 0.456924910037092 0.263480355069595 0.0641811965410222 0.0137530475981044 0.141716337602381 0.00609107988158698 0.017287816416263
SICO SICO ITCS 0.0371394025869943 0.0227801347974736 0.388325632086851 0.318520624202425 0.122910236054158 0.0200325586032776 0.0584818073316797 0.0105741789944718 0.021235425342668
SICO SICO ITCS 0.0162469020823622 0.0164519026944475 0.531668599691807 0.185062129347629 0.0628583585569591 0.0136669044343212 0.149007054746654 0.00538094388144375 0.0196572045643758
SICO SICO ITCS 0.0436506538971026 0.0265540028737934 0.362392256798973 0.274961684785141 0.17012375866741 0.0240072768680437 0.0613581760504832 0.0135759387282391 0.023376251330814
SICO SICO ITCS 0.0231397027458598 0.0175761173385337 0.449886812426737 0.284523280530422 0.0667313498849295 0.0147104695592443 0.118513362754838 0.00684316660398812 0.0180757381554472
SICO SICO ITCS 0.0544126715178091 0.0315265337950116 0.370530378016262 0.234237467630105 0.182213687649205 0.0277734127832212 0.0542741464150721 0.016497866100711 0.0285338360926035
SICO SICO ITCS 0.029110778819605 0.0262531400949034 0.591003383946657 0.143191601227684 0.0830151740030366 0.0196518416579277 0.0595280507311107 0.00853792524180615 0.0397081042772689
SICO SICO ITCS 0.0293097780979288 0.01958616103729 0.403296582848514 0.335944684151248 0.0864432420088862 0.0169521960107359 0.0818026790602337 0.00861261096335094 0.0180520658218129
SICO SICO SICO 0.0287154006857681 0.0206653508978636 0.261574686344485 0.274906224806594 0.179165195940997 0.0207083796430498 0.186109092967831 0.0120821767413886 0.0160734919720241
SICO SICO ITCS 0.0333721528725925 0.0216619896485199 0.436178503731788 0.311255492981816 0.0812006989759356 0.0180821692557188 0.0669257763073921 0.00917355499993201 0.0221496612263044
SICO SICO ITCS 0.0312328225523707 0.0221416542158367 0.494266264451128 0.256209976171415 0.0725717930763516 0.0176549055346765 0.0708114369354339 0.00843172400245326 0.0266794230603351
SICO SICO ITCS 0.0334093231023516 0.0228730687064345 0.487517440798706 0.263242538444418 0.0734649516436146 0.018241102690105 0.0649245052112478 0.00889549782418073 0.0274315715789416
SICO SICO ITCS 0.0283727372767755 0.0212630220620289 0.505374484095739 0.242875506275455 0.0720571528361848 0.0169482553183212 0.079338478403198 0.00783117290077885 0.0259391908315185
SICO SICO ITCS 0.0210624537696922 0.0172843305055389 0.481669375845529 0.246401967864686 0.0661068511694486 0.0143104345195128 0.127526250448152 0.00624324622367428 0.0193950896537655
SICO SICO SICO 0.0216143099703497 0.0156024380776272 0.324437349003582 0.361166390836723 0.0991922327826467 0.0146500341823682 0.143423313718246 0.00753325760004556 0.012380673828412
SICO SICO SICO 0.0300076210333756 0.0210874052705484 0.285158548140536 0.290906309618287 0.177576720930944 0.0208280790963063 0.146011758055994 0.0119303641943151 0.0164931936596934
SICO SICO ITCS 0.0318934146877364 0.0229311488548768 0.506080061382387 0.243440312485694 0.0735414981189336 0.0180815444637339 0.0666623166280538 0.00859719308747186 0.028772510291112
SP SP ITCS 0.163439406876262 0.0592649837562229 0.33123246254339 0.117802840805896 0.139402413122682 0.0430243923917137 0.0407455194861827 0.0323032227249614 0.072784758292689
SP SP ITCS 0.0920071799334532 0.0461770267207886 0.376784245507153 0.200705409591382 0.124901941810353 0.0344776552664079 0.0310462148536303 0.0216312633179768 0.0722690629988559
SP SP ITCS 0.0406996208861669 0.0243814633613938 0.425126036373057 0.303502805577109 0.0994638897485902 0.0204655215886525 0.0498269291693215 0.0107269965999123 0.0258067366957969
SP SP ITCS 0.0715584112592811 0.0370123930077772 0.386324977529822 0.204937760495885 0.172163187288241 0.0307010669594666 0.0402472322588433 0.0189042724867739 0.0381506987139102
SP SP ITCS 0.145665891278258 0.0564387959603088 0.343683281844641 0.127282348432249 0.143169856768455 0.0412925831253852 0.0390928567053423 0.0298112849830275 0.0735631009023329
SP SP ITCS 0.0622173984941976 0.0356361047398849 0.36705940765281 0.201700149329728 0.193006425824215 0.0312830352895674 0.0580637559816797 0.0194784498382774 0.0315552728496408
SP SP SICO 0.0244297258546052 0.0178849129693512 0.250005890326276 0.29067926470492 0.16172299456181 0.0181024925731294 0.213124392181715 0.0103081057396198 0.0137422210885719
SP SP ITCS 0.0351635658183719 0.0236719639576894 0.48780519639644 0.261861049956763 0.0743999540986173 0.0187946579371232 0.0601954795465962 0.00926400122681763 0.0288441310615817
CROA CROA GR 0.326067107136545 0.0582629908036818 0.0358979182845953 0.0102185432171837 0.0124532299251488 0.0340898696862298 0.00914009591317669 0.437474414172177 0.0763958308612614
CROA CROA GR 0.294002513269195 0.0554790198844997 0.0340133378259132 0.00973791322745483 0.0119492058226628 0.0328195103669662 0.00858371811797066 0.48889745452923 0.0645173269561065
CROA CROA GR 0.278222866704363 0.0539092235279475 0.0331202528429029 0.0095033659779369 0.0117330165793395 0.0321477714833375 0.00830059734115495 0.515387322452426 0.0576755830905927
FR FR FR 0.00226905518336436 0.00316794922541665 0.0564853064480034 0.0196509537428612 0.0051437583375761 0.00388898876599056 0.905394857002214 0.0013830730109945 0.00261605828357908
FR FR FR 0.00365203113593255 0.00439692424042188 0.0505914128238634 0.0216863764358791 0.0061492393476543 0.0051303534583875 0.902651911841454 0.00212771630327756 0.00361403441313048
FR FR FR 0.00608594654041891 0.00653706002403961 0.110507544632203 0.0596944203842611 0.015038281223945 0.0070475249443363 0.786507430615749 0.00319741737755693 0.00538437425748957
FR FR ITCS 0.129106122168361 0.0545544027010437 0.336141316138025 0.131838476302625 0.173550657131116 0.0440824322367607 0.0492196817725893 0.0327363252848124 0.0487705862646663
FR FR FR 0.00621545285683976 0.00649861722997836 0.0753948121972682 0.0414471131567088 0.0121654846505812 0.00708826086461093 0.842471335078078 0.00335035977389718 0.00536856419203813
FR FR FR 0.00368222184781337 0.00442065159310234 0.0501655878672972 0.0215751707666623 0.00614773272808101 0.00515451983948785 0.903077203507716 0.00214391844147206 0.00363299340836761
FR FR ITCS 0.0576542916438166 0.0371924288409254 0.305386627406161 0.1775162587883 0.220562773179005 0.0352017211438607 0.113468413136328 0.023093772510395 0.0299237133512095
FR FR FR 0.00615234714862729 0.00671502521490896 0.154104443519934 0.0815261856470661 0.0187096959330472 0.00711758915664767 0.717102714112253 0.00306986259153903 0.00550213667597671
FR FR FR 0.0127760312711858 0.0111173569198466 0.153279262289538 0.138878791696965 0.0432083469552046 0.0111821732126118 0.614339136806071 0.00614501121250407 0.00907388963607359
FR FR FR 0.00226905518336436 0.00316794922541665 0.0564853064480034 0.0196509537428612 0.0051437583375761 0.00388898876599056 0.905394857002214 0.0013830730109945 0.00261605828357908
FR FR FR 0.0330999631137086 0.0241101355394816 0.220163385888893 0.196456333283449 0.190271859052003 0.024298253372552 0.27713492273924 0.0152432441103043 0.0192219029003677
FR FR FR 0.00712727552596541 0.00699235115071314 0.0462930727592792 0.0266228469941915 0.0111627616924302 0.00763101989481027 0.884615400448885 0.00383003786088289 0.00572523367284249
FR FR FR 0.0100160980249467 0.00903015565428511 0.0672888862620714 0.0482687009225686 0.0224258126913967 0.00949488213028979 0.820896612554811 0.00513966521016582 0.00743918654946544
FR FR FR 0.00887982683437248 0.0082870112550936 0.065273191514555 0.0433531277572323 0.0177364171355646 0.00879334149512438 0.836222658087157 0.00462153863533849 0.00683288728556266
FR FR FR 0.00724793548640475 0.00738391681983163 0.110083891114353 0.0660237376500236 0.0175079072412265 0.0078307908222003 0.774076470052596 0.00375693699743303 0.00608841381593114
FR FR FR 0.00833794065273648 0.00794056766758932 0.067281527674922 0.0431089321529579 0.016203273361521 0.00846013728402053 0.837746306866058 0.00436779356076705 0.00655352077942768
FR FR FR 0.00946601492790577 0.0087595398435812 0.0807863526018613 0.0564161171660445 0.0210207269343303 0.0091883443475681 0.802256643444899 0.00486632166436539 0.00723993906944498
FR FR FR 0.0135169893324792 0.0114155830094524 0.112841888234893 0.103222653813284 0.0470341025214741 0.0116582024957931 0.684312981440369 0.0066304744418869 0.00936712471036771
FR FR FR 0.0167885667207789 0.0133487079929257 0.178168623121842 0.208750637308864 0.0933541016537838 0.0135801583333726 0.457656257340166 0.00777687884176135 0.0105760686865055
FR FR FR 0.00689721785899002 0.00715329184588116 0.116010575121963 0.0674461505625035 0.0172412561230733 0.00760444959388079 0.768185415455184 0.00357116869452359 0.00589047474400031
FR FR FR 0.00847471536482586 0.00802584403290156 0.0662717868236126 0.0428343712293535 0.0165185012488695 0.00854351861950237 0.838276808527259 0.00443279548430166 0.00662165866937302
FR FR FR 0.0106933463043054 0.00966436072231245 0.104025136763762 0.0797807235961955 0.0278270897988579 0.00996582594809687 0.744685086099111 0.0053774648400787 0.00798096592728049
FR FR FR 0.00918039111532011 0.00868102725269824 0.102937039015794 0.0712985046378667 0.0220055367667519 0.00904775828632118 0.764992112510872 0.00468435006284847 0.00717328035152855
FR FR FR 0.0137610790900798 0.0117968560260135 0.194045069508818 0.19551758030188 0.0543980081588214 0.0116400799371491 0.503104309451299 0.0063287203427705 0.00940829718316941
FR FR FR 0.00712727552596541 0.00699235115071314 0.0462930727592792 0.0266228469941915 0.0111627616924302 0.00763101989481027 0.884615400448885 0.00383003786088289 0.00572523367284249
FR FR FR 0.0085561591046118 0.00795312419587242 0.0470631443207971 0.0301037592589842 0.0153778071692196 0.008543269400003 0.871406572554173 0.00449373112583579 0.00650243287050313
FR FR FR 0.00995751351517404 0.00975970129090557 0.350188986443082 0.209565215533137 0.0422639554459801 0.00912058272681525 0.356741610103759 0.00353759814377643 0.00886483679737116
FR FR FR 0.00784063067948494 0.00777206198588534 0.102718851339406 0.0645657629270639 0.0182410878652318 0.00820700276844811 0.780177232649804 0.00405881623328813 0.00641855355138739
FR FR FR 0.00833794065273648 0.00794056766758932 0.067281527674922 0.0431089321529579 0.016203273361521 0.00846013728402053 0.837746306866058 0.00436779356076705 0.00655352077942768
FR FR FR 0.00522331290760642 0.0057511846563706 0.0747137110001339 0.0376131643570877 0.0103927670056566 0.00638576483986995 0.852303241364575 0.00286916265288049 0.00474769121581926
FR FR FR 0.0128331019647534 0.0110476225184802 0.12063671024494 0.107078615200958 0.0415214574347098 0.01124571119891 0.680262410699962 0.00629882558677584 0.00907554515050983
FR FR FR 0.00841602604994772 0.00786645899506497 0.0477258789869039 0.0302460450871848 0.0149236776894499 0.00845753682915408 0.871499822805524 0.00442845394286923 0.00643609961390171
FR FR FR 0.0131324300766336 0.0112735102969877 0.134003548439451 0.1224790617534 0.0445027712696613 0.0114157241852456 0.647573362659084 0.0063861894631859 0.00923340185635134
FR FR FR 0.0112159535195498 0.00996598118213222 0.0988834777705708 0.0782083466048074 0.0300659295015179 0.0102728192258253 0.747532279511888 0.0056281492549043 0.00822706342880405
FR FR FR 0.0105603864309051 0.00936121922660664 0.0658665470203192 0.0487255251363143 0.0251198340896549 0.0098220984954818 0.817454274142032 0.00538915577533459 0.00770095968335159
FR FR FR 0.011658381038732 0.0103634803027471 0.12707051685252 0.105093175276288 0.0343520678570579 0.0105502308498473 0.686640810743795 0.00574707208819734 0.00852426499081542
FR FR FR 0.00591721143431259 0.00613460653637507 0.045716994874632 0.0239420474246367 0.00875210650407686 0.00681833500943487 0.894436011807984 0.00325604950088198 0.0050266369076659
FR FR FR 0.0136002678553853 0.0115818657157577 0.146920058562716 0.139897460255931 0.0491883755031679 0.0116752627422435 0.611150040964561 0.00654163151288928 0.0094450368873477
FR FR FR 0.00526576297749202 0.00578143367562803 0.0741059756316572 0.0374603858568904 0.01040757427847 0.00641566195808174 0.852899136099369 0.00289133076935781 0.00477273875305425
FR FR FR 0.00663129721259329 0.00691090950606052 0.102268374890908 0.0582535256519595 0.0154434808465648 0.00741183710678943 0.793893824513273 0.0034849742718749 0.00570177599997688
FR FR FR 0.0128261177824994 0.0109591584497852 0.102440846847784 0.0893260947439523 0.0409167216089166 0.0112393777712126 0.716928335351435 0.00634743567893472 0.0090159117654802
FR FR FR 0.0125291147400316 0.0111057909994151 0.25241060053971 0.234823559354565 0.0499420522146437 0.0106695553396836 0.414414253989147 0.00532744738086326 0.00877762544193999
FR FR FR 0.0147632840769787 0.0122533215729591 0.158423060834597 0.164346469861818 0.0621105939784548 0.0123449151633731 0.558849823271482 0.00700024949882987 0.00990828174150717
FR FR FR 0.00591721143431259 0.00613460653637507 0.045716994874632 0.0239420474246367 0.00875210650407686 0.00681833500943487 0.894436011807984 0.00325604950088198 0.0050266369076659
FR FR FR 0.00924423979904848 0.00863413467429388 0.0843589325841295 0.0581626019415906 0.0205366941523354 0.0090590744683986 0.798108045976501 0.00475725109892282 0.0071390253047796
FR FR FR 0.00736524602620428 0.00745261236025808 0.106196057825826 0.0643196597810061 0.0174236073113064 0.00790347018992312 0.779365766207471 0.00382415408825994 0.00614942620974505
FR FR FR 0.00776325421071695 0.0075947720144298 0.0753401357584313 0.0466214037547324 0.0154349640091008 0.00811316283146299 0.828769231441997 0.00408571994257075 0.00627735603655855
FR FR FR 0.0118822189316211 0.0104955022008188 0.125652293014275 0.105364437245522 0.0354896761683747 0.0106823874423353 0.685947761688749 0.00585337346085491 0.00863234984744912
FR FR FR 0.0157077355688541 0.012690135392902 0.236271462486811 0.280215230822109 0.0785279465569761 0.0124376446596243 0.347639397813818 0.00670044593898927 0.00981000075991613
FR FR FR 0.00621545285683976 0.00649861722997836 0.0753948121972682 0.0414471131567088 0.0121654846505812 0.00708826086461093 0.842471335078078 0.00335035977389718 0.00536856419203813
FR FR ITCS 0.011505987385595 0.0109308063450663 0.385302694718531 0.22526939827291 0.0472992658397438 0.00993713118513234 0.295368027731549 0.00390642427591924 0.0104802642455529
FR FR FR 0.00514596738943696 0.00570272851489346 0.0776367947313261 0.0387704835000975 0.0105233846526489 0.00633390096321345 0.848354553851736 0.00282465404494981 0.00470753235169807
FR FR FR 0.0114063216453149 0.00992149703533272 0.0717227080692614 0.0558489601463147 0.0302230591422139 0.0103460321208148 0.796603931108299 0.00576479177800217 0.00816269895444601
FR FR FR 0.00942000988379832 0.0088514023197939 0.105740648884127 0.0745434000761711 0.0230425467683186 0.00919793920668214 0.757104340670201 0.00478773557959261 0.00731197661131543
FR FR FR 0.0132925508722578 0.0114229945360338 0.155071366510855 0.145699354229192 0.0471676478574994 0.0114795634006388 0.600193817151495 0.00636693800185409 0.009305767440174
FR FR ITCS 0.028449458671203 0.0241732729250269 0.561278461989189 0.181988428995626 0.0784270686712014 0.0184966274182263 0.0653654101675004 0.0082341228758131 0.0335871482862142
FR FR FR 0.0103380240189425 0.0096706914337599 0.179863253492815 0.138982303372804 0.0334683888024127 0.0097234153901802 0.605184969061379 0.00490979478749118 0.00785915964021531
FR FR FR 0.00985904851617618 0.00893713431780542 0.0682720484508671 0.0485235104251166 0.021758543090921 0.00940154585713956 0.820815041107114 0.00506665476107317 0.00736647347378711
GR GR MAC 0.254516091262624 0.113019832274917 0.102964253205188 0.0385747080327482 0.0411547272460354 0.0700708179186807 0.0356957617264179 0.0885283853157353 0.255475423017654
GR GR BM 0.457629083742994 0.0729915418724435 0.0504262055171582 0.0149512605035502 0.0173017497840366 0.0431998365309526 0.0143599779714989 0.171522431563727 0.157617912513639
GR GR GR 0.156558062542559 0.0424214383995612 0.0249364145094807 0.00743480567494864 0.0093282639463619 0.0281129189817764 0.00634275679189776 0.69525413118567 0.0296112079677439
GR GR GR 0.222757813141829 0.049547553578823 0.0295243380654299 0.00863822857511705 0.0106421328991476 0.0304899412333082 0.00749710769099077 0.593403065383183 0.0474998194321712
GR GR GR 0.142190165152379 0.0405738401234303 0.023848482660629 0.00713203641958877 0.00902177817921204 0.0275781335774514 0.00605654402337024 0.717958686695083 0.0256403331688557
GR GR GR 0.125582206246602 0.0386361652858685 0.0224053334930834 0.0067441906354306 0.00854076459843132 0.0269870940561785 0.00573634657488165 0.742239834475912 0.0231280646336123
GR GR GR 0.276383628509111 0.0533153198258893 0.0331167119581908 0.00947513794922389 0.0117907420033157 0.0318923003389775 0.00821538092945109 0.522310366648426 0.0535004118374147
GR GR GR 0.171144367614421 0.0437889992842859 0.0261168317780632 0.00773380975876234 0.00973070954212997 0.0285648755930026 0.00658029953711769 0.675231185808218 0.0311089210839992
GR GR GR 0.301602802059535 0.0573643931490399 0.0343701884637396 0.00989568609017765 0.0119317648169801 0.0337782602355385 0.008900811102662 0.463587551460845 0.0785685426214831
GR GR BM 0.445538459883454 0.0689826026599042 0.045477684581998 0.0130692751195591 0.0154083086901693 0.0403320332683425 0.0124378380352576 0.224016324714944 0.134737473046371
GR GR GR 0.280840607271712 0.0545833988841978 0.033187889221945 0.00954493148626804 0.0116961046820236 0.032453195760346 0.00840188566788354 0.506864107016291 0.0624278800093334
GR GR GR 0.0766797133508029 0.0311864220392342 0.0176004010666957 0.00535988731557444 0.00698410234342133 0.0250167430758631 0.00455534249612678 0.819004814448782 0.0136125738634999
GR GR BM 0.447794434446073 0.0819371391158353 0.067443763691019 0.0215642874313515 0.024079323992278 0.0493217650255115 0.0202239613606138 0.0953965547098151 0.192238770227502
GR GR GR 0.0789363578728691 0.0316339193966643 0.0178396002909085 0.00543490540928719 0.00705296279212148 0.0251071024518203 0.00462300588493809 0.815183368539064 0.0141887773623271
GR GR GR 0.119262149146423 0.037811537970531 0.0218436927990192 0.00658845624595705 0.00835912560178232 0.026748662599294 0.00560370032817785 0.751838782329976 0.0219438929788391
GR GR GR 0.0502035002869871 0.0258065307067999 0.0142460012083615 0.00433924108675873 0.0058528544439955 0.0238134608927047 0.00370610669622216 0.86289051654006 0.00914178813811076
GR GR GR 0.0667118635701189 0.0295466902791326 0.0163570940894165 0.00500702689948639 0.00651542497245784 0.0245233632312476 0.00428144202376024 0.8344937134056 0.0125633815287801
GR GR GR 0.206516979230857 0.0463419974683238 0.0289484838674425 0.00838221630984337 0.0107473330320782 0.0294688064057847 0.00705611595411049 0.630344660897644 0.0321934068339154
GR GR GR 0.0725333037116737 0.0302154317482883 0.0171899120639352 0.00521519097099896 0.0068990283356632 0.024884321060518 0.00441536304189609 0.826408140765408 0.012239308301618
GR GR GR 0.0919354181958333 0.0335182663703424 0.0193250053296756 0.00584591177239176 0.0076074327180986 0.0256867955946111 0.00494062692753233 0.795669731594717 0.0154708114967982
GR GR GR 0.0529403778039427 0.026530110455902 0.0146042986609853 0.00446165720965772 0.00595022302556399 0.0239056005556857 0.00381436814872207 0.858018239041179 0.00977512509836188
GR GR GR 0.0570127058956009 0.0274149656695238 0.0151625985585317 0.00463181267450281 0.00614406770269239 0.0241047716038488 0.00395461981464858 0.851152046457292 0.0104224116233588
GR GR GR 0.122798350915467 0.0379770841255115 0.0222572105451027 0.00668299892674635 0.00855154324632694 0.0268658644353424 0.00565092427450428 0.748144920136686 0.0210711033943133
GR GR GR 0.0719394913106558 0.0301466401013091 0.0171072051253312 0.00519496606791518 0.00686134557556562 0.0248488373595715 0.00440191476968869 0.827245136116537 0.0122544635734264
GR GR GR 0.0695254302623089 0.0298448547717188 0.016773165694605 0.00511044756591068 0.00671283457626741 0.0247068616340633 0.00434458438479742 0.830698811625544 0.0122830094847848
GR GR GR 0.10665233060686 0.0357154851325831 0.0207912824248012 0.00626632456184945 0.0080900766985052 0.0262631225573318 0.00529229586210978 0.772972609054485 0.0179564731014746
GR GR GR 0.066537804712915 0.0291463459492199 0.0164484171031372 0.00499927202403839 0.00663396522170746 0.0246069590465356 0.00424176286937396 0.835941434646771 0.0114440384263017
GR GR GR 0.046669913091725 0.0249735669680844 0.0137268779940361 0.00417844502951962 0.00567235546162838 0.0236402023514602 0.00357431878205013 0.868946915136232 0.00861740518526461
GR GR GR 0.0732108596589517 0.0304733630695816 0.0172276135655874 0.00524076032285221 0.00687939936433444 0.0248825283364153 0.00444790352565387 0.824903482516264 0.0127340896403601
GR GR GR 0.0597774879691976 0.02805299629146 0.0155113690966558 0.00474341001632235 0.00625012809569853 0.0242196080376565 0.00405198543738176 0.846363393119783 0.0110296219358438
GR GR GR 0.0404159021232051 0.0235810243564135 0.0127020081838923 0.00388280853368395 0.00526231599679916 0.0232259497552896 0.00334360107891634 0.879601828408265 0.00798456156353513
GR GR GR 0.113271636417312 0.0371010702238247 0.0212653734170666 0.00643245555332929 0.00815196820010084 0.0265228588790109 0.00548256358815792 0.760427810264407 0.0213442634567904
GR GR GR 0.0568549995068661 0.027295098936942 0.0151670475494982 0.00462368735865734 0.00616739255481312 0.0241270129757386 0.00394099826607461 0.851630806249104 0.0101929566023057
GR GR GR 0.188893990082757 0.0467231418916834 0.0271061627342532 0.00803687057842387 0.00986002467048426 0.0294891302377777 0.00699072595566946 0.639796426100356 0.0431035277485954
GR GR GR 0.0557739393459424 0.0270834507939315 0.0150148635306409 0.00457955788527017 0.00610974659236801 0.0240683025404828 0.00390620939634239 0.853394762566394 0.0100691673486282
GR GR GR 0.246961095221158 0.052037956720274 0.0310236234834401 0.00902555943030167 0.0110372788927382 0.0314455635886195 0.00791464258775507 0.554261942441378 0.0562923376343351
GR GR GR 0.0795293782955998 0.0318564471914094 0.0178683110380897 0.00545255701436841 0.00703629613660913 0.0251166913295042 0.00465014082715686 0.813737905066581 0.0147522731006814
GR GR GR 0.0548749288509926 0.0269448581837973 0.0148754969472888 0.00454329159558698 0.00604721379907546 0.0240045840064934 0.00388076065975324 0.854772838898864 0.0100560270581489
GR GR GR 0.0498211297446267 0.0257154708448736 0.0141915978575181 0.00432208919393561 0.00583470362328558 0.0237960317565295 0.00369185552138662 0.863547615775756 0.00907950568208916
GR GR GR 0.0677162462318502 0.0295693762369091 0.0165327927153555 0.00504500468308344 0.0066150062806401 0.024608694904283 0.00429644690416371 0.833432468947842 0.0121839630958729
GR GR GR 0.164608944572718 0.0420621345271476 0.0259730975859717 0.00760804136187943 0.0098831376154425 0.0282071324387104 0.0063609948748454 0.690922491165313 0.0243740258579714
GR GR GR 0.120243148594753 0.0377004440390296 0.0220100642533276 0.00661869749741317 0.00846026738689909 0.0267738085082431 0.00560256014291233 0.751696069734212 0.0208949398432105
GR GR GR 0.136650680202731 0.0396155263071492 0.0234854315927852 0.00701283690520371 0.00896337434957336 0.027354320817484 0.0059213899153775 0.727952975571037 0.0230434643386599
GR GR GR 0.117699260293981 0.0378648883615648 0.0216199939759803 0.00653989197555656 0.00823732501561877 0.0267094025513417 0.00559320771559416 0.752620653796212 0.0231153763141504
GR GR GR 0.221190969703047 0.0504704045500232 0.0292299404332986 0.0085998387209426 0.0104230518631118 0.0308904699582236 0.00759367059381898 0.58519920963794 0.0564024445395934
GR GR BM 0.462794328892202 0.0756280787303342 0.0548755113758595 0.016623034949408 0.0190372892111185 0.0450563294638005 0.0159341054029087 0.140493136599415 0.169558185374953
GR GR GR 0.332132901292362 0.0595163201062753 0.0362587816536671 0.0103603470352192 0.0124972696688369 0.0347743787216061 0.00938212377841594 0.41935155681744 0.085726320926178
GR GR GR 0.130375334298816 0.0393037140905794 0.0228023019912959 0.00685686935656961 0.00865727670156456 0.0271713237925601 0.00583965770425093 0.734619958464348 0.0243735636000167
GR GR GR 0.308689460785969 0.0563819319572718 0.034933954403501 0.0099474054291912 0.0122369901665794 0.0331920012194328 0.00877676866139556 0.469535018771212 0.0663064686054474
GR GR BM 0.392959392830771 0.0575567516714386 0.0412202135186922 0.0108939019076989 0.0145753784925172 0.0335956600661148 0.00930165660110291 0.387911008800769 0.0519860361108958
GR GR GR 0.0861067327188222 0.0327768117652835 0.0186479186653953 0.00566628074992556 0.00733904661035 0.0254241800577865 0.00480948046302981 0.804036738665676 0.0151928103037304
GR GR GR 0.168299039799778 0.0438333976508905 0.02579690476408 0.00766848006839053 0.00957331619315277 0.0285463282394838 0.00656434423080542 0.676877971005593 0.0328402180478261
MAC MAC BM 0.462687526739572 0.0734819955518859 0.0515353259579715 0.0153202975603493 0.0177054315344955 0.0435252562849581 0.0147074319935394 0.161507228850529 0.1595295055267
MAC MAC ITCS 0.186070637731741 0.0851096149240794 0.235891832248146 0.0943540442052287 0.0937521857895749 0.0551865546066596 0.0478056109958099 0.046166960468745 0.155662559030015
MAC MAC MAC 0.185449562901711 0.124931006604136 0.129163347532113 0.0526042640175037 0.0530939987661901 0.0759589010987344 0.0469040896253577 0.08315294433145 0.248741885122805
MAC MAC MAC 0.213024244895443 0.1193175236099 0.122689961287882 0.0478580100085473 0.0493877277948499 0.0728910946271027 0.0425800403663307 0.0819039847920895 0.250347412617855
MAC MAC BM 0.300747144120011 0.104000828454746 0.0854005382609895 0.0308242355735818 0.0336294581717861 0.0650735882488122 0.0292298896780915 0.101420803661504 0.249673513830478
MAC MAC BM 0.436458940991701 0.0826998524016298 0.104021665318203 0.0344923367383084 0.0377275667545327 0.0485440777917276 0.0280967071270988 0.0514944899516176 0.176464362925182
