Ind.ID origin.pop pred.pop BM BN ITCS SICO SP CROA FR GR MAC
BM BM BM 0.490481268760745 0.0357500175505201 0.0811951828009615 0.0409331854034418 0.0511662064061009 0.0434538098060177 0.0377084976343823 0.0390570407027334 0.180254790935097
BM BM BM 0.56157152313659 0.0310569125771114 0.100746438833073 0.0381137302022311 0.05516464379381 0.0413392688712502 0.0395516459357083 0.0389577276041634 0.0934981090460631
BM BM BM 0.375594524447505 0.0337525962855064 0.198392392916637 0.072007046930228 0.0910639286212467 0.0472539345763624 0.0647776339146908 0.0401575999514426 0.0770003423563815
BM BM BM 0.489473563088217 0.0336217868759363 0.156619362381433 0.0433722625049169 0.0704987572096463 0.0455145637180968 0.0537039323735659 0.0439880110636416 0.0632077607845456
BM BM BM 0.664791438656475 0.0324142568227335 0.0538027354117549 0.0185947717121064 0.0317537849010602 0.0363955162916805 0.0236914599067183 0.055702232342997 0.0828538039544739
BM BM GR 0.0375161492509049 0.0442771688741543 0.0166160639484614 0.00600001906069076 0.00940575116444417 0.0204404783197515 0.00824640551227904 0.844196406929553 0.0133015569397607
BM BM BM 0.566640614471679 0.0423163781498621 0.0442148472227604 0.0145151849966357 0.0249857361007044 0.0393468347188852 0.0191055103964934 0.189959320307261 0.0589155736357194
BM BM BM 0.638059914051454 0.0316033391784694 0.0786544960200318 0.0248114737356843 0.0425404680382452 0.0392065248375517 0.0310465847377078 0.0476072635079111 0.0664699358929451
BM BM BM 0.643015475511515 0.037601714018309 0.0460552867382582 0.0149607465730338 0.026621101274388 0.0372206602842493 0.0200091144705268 0.111014964788767 0.0635009363409529
BM BM BM 0.407285620591982 0.0331716352848546 0.164864351696296 0.0695293233217689 0.0831542114470164 0.0463609166241833 0.0569746603373579 0.0406208787435279 0.0980384019530133
BM BM BM 0.657722840761931 0.0360496298250704 0.0465188207638395 0.0153134548719802 0.027192124677361 0.0365878042660008 0.0203950392128411 0.0924628269538327 0.0677574586671435
BM BM BM 0.581825889957303 0.041644626798572 0.0402274493759518 0.0139007292260301 0.023601127415264 0.0375066327682867 0.0180166087312134 0.177131618547254 0.066145317180125
BM BM BM 0.589423325316704 0.0412552829345533 0.0390211117574131 0.0137094672509467 0.0231972915180961 0.0369233847267096 0.0177073261248014 0.169066264270216 0.0696965461005596
BM BM BM 0.451896562570179 0.0457460119744815 0.0403800852470082 0.0140376480924216 0.0227606760719559 0.0398257008923448 0.0178390146546133 0.310806460870899 0.0567078396260968
BM BM BM 0.605079775019011 0.0314876407842981 0.0945693404887596 0.0300699952270955 0.0496400796515544 0.0408408298875245 0.03598792702952 0.0440578807652848 0.0682665311469524
BM BM BM 0.307727279821922 0.0338953635481909 0.23323482439668 0.088573750556113 0.102754324337728 0.0473391171064014 0.0733076378744031 0.0382754948893771 0.0748922074691841
BM BM BM 0.466029147465674 0.0333903720250504 0.164859645677826 0.0493554772568354 0.0752485077203236 0.0460085940385557 0.0560554319100361 0.0422007637193677 0.0668520601863306
BM BM BM 0.345860304627868 0.0354552141153407 0.155540345221023 0.0859634755501715 0.0863404189785405 0.0477635522369169 0.0566259522971795 0.0422097772202445 0.144240959752716
BM BM BM 0.425925621354311 0.0467984184396837 0.0306662643951934 0.0122961701197364 0.0189044399634939 0.0342092463517105 0.0147514005985474 0.340982743382956 0.0754656953943676
BM BM BM 0.56112923533227 0.0313461582544334 0.0886836066877099 0.0365320758226214 0.0510800261320697 0.0405802840145731 0.0370048084411204 0.0375499248318185 0.116093880483384
BM BM BM 0.596736124025362 0.0408230364496565 0.044099504564516 0.0144823002467129 0.0252224654257214 0.0384095097241569 0.0191570240149879 0.160234226556053 0.0608358089928333
BM BM BM 0.614405135598734 0.0386377373085724 0.0339436805255816 0.0133446501233372 0.0218469789780171 0.0351898309688978 0.0169856701403047 0.112314536461045 0.113331779895509
BM BM BM 0.644847260614162 0.0373963785894956 0.0477923892626909 0.01524949222499 0.0273455790065502 0.0375134392599738 0.0205111564467882 0.107918417114057 0.0614258874812921
BM BM BM 0.612949721969415 0.0311417182304356 0.0887317398784389 0.029260511889127 0.0476977742439241 0.0401144789542248 0.0345902140146905 0.0430216882245521 0.0724921525951923
BM BM BM 0.647215071694024 0.033098185641194 0.047853797819409 0.0182014477098999 0.0296530403418712 0.0361723975942793 0.022540204322103 0.0546198588645458 0.110645996012674
BM BM BM 0.557914246398051 0.0326321817379594 0.120457803845919 0.0352120155659332 0.0585331844448646 0.0434164897493165 0.0428672830356314 0.0452018423906373 0.063764952831688
BM BM BM 0.665398380325746 0.0329970995927417 0.050199453069638 0.0175146713389933 0.0299716022592442 0.0360932969067792 0.0224734764653509 0.0603373345811883 0.085014685460319
BM BM FR 0.00631906675125461 0.00602913692438833 0.195714148564988 0.133079536243105 0.0409887525400635 0.00868854446485768 0.600752622173224 0.00315926615580253 0.00526892618231717
BM BM BM 0.29035947483961 0.0337804801977983 0.222932974312722 0.101928948221356 0.10446940641788 0.0472735380660337 0.0686657734012593 0.0386532915028532 0.0919361130404862
BM BM BM 0.640477628467955 0.0377876074049847 0.0421317628898927 0.0143557761696067 0.0250395585699053 0.036385621186284 0.0189276401869666 0.113735661411247 0.0711587437131581
BM BM BM 0.659438002421179 0.035560865296424 0.0529719847834031 0.0164408174385634 0.0298748591169078 0.0375890703282395 0.0222400038376851 0.0857785913982752 0.0601058053793225
BN BN GR 0.111694263860214 0.0443996612441141 0.0231352962158199 0.00883645572135038 0.0133955778300669 0.0258963135431045 0.0111106848993661 0.734983364172293 0.0265483825136701
BN BN ITCS 0.128600805505881 0.0288784738683229 0.337318846734616 0.139288554007832 0.127195540181908 0.0388974520748762 0.129889066999621 0.0248893999051584 0.0450418607217841
BN BN BM 0.433997958039113 0.0352090249192586 0.112193272222837 0.0580452974484796 0.0664710363882469 0.0455080975607802 0.0465849919254321 0.0405022426234926 0.161488078872361
BN BN ITCS 0.0235580330220037 0.0147069818032486 0.393508742267911 0.383543439651665 0.0508221438683369 0.0193376194819027 0.0757541112771722 0.00877011371994141 0.0299988149078182
ITCS ITCS FR 0.014009631026231 0.00938054375789028 0.232339385855751 0.16946188220585 0.0743243344148975 0.0126301366405342 0.474191497644058 0.00540927127681813 0.00825331717796988
ITCS ITCS FR 0.00714514276505515 0.00761475473555464 0.327832975387586 0.246624071800648 0.0434577713748322 0.0104366658913675 0.344780588951105 0.003798826861241 0.00830920223261032
ITCS ITCS ITCS 0.0121785387347218 0.0102215247423484 0.375121508419317 0.327053780995396 0.0476067993282091 0.0134328621835186 0.195646260108569 0.00514520446850935 0.0135935210194104
ITCS ITCS FR 0.0110782226650295 0.00873393641286169 0.286906188836837 0.21458267374246 0.0520422472966553 0.0117247008522279 0.401620237230633 0.00467194158957297 0.00863985137372305
ITCS ITCS FR 0.0314368632313825 0.0148289046220271 0.293669195831271 0.186161985061045 0.111080106101835 0.0196604758889109 0.318121757845371 0.00966018990041832 0.0153805215177393
ITCS ITCS BM 0.298774776454447 0.0356044073085293 0.1762904690492 0.103886764165166 0.0955833666080107 0.0483827166289635 0.0603337424859634 0.0421654159961416 0.138978341303579
ITCS ITCS ITCS 0.0227245026110972 0.0124665908836558 0.340544011015031 0.284745818611928 0.0743646866894685 0.016431158919895 0.226592413710698 0.00712817826994035 0.0150026392882864
ITCS ITCS ITCS 0.0196016018501426 0.0116464299255658 0.331393002027298 0.271874265056421 0.0697986607651645 0.0153072214384255 0.260692871071855 0.00651580688816247 0.0131701409769646
ITCS ITCS FR 0.00846014319628963 0.00678250406364053 0.129197061161931 0.0928443685835086 0.05892876005543 0.00967420207163762 0.684975325439773 0.00382574026287911 0.00531189516491092
ITCS ITCS ITCS 0.00965576205753256 0.00953918562689696 0.387071306321827 0.345131512249933 0.0448109862587052 0.0125787928208484 0.173690518075574 0.00458976535886228 0.0129321712298213
ITCS ITCS ITCS 0.0231349695883599 0.0124422262639586 0.316668141838278 0.248181915322232 0.0863825103704115 0.0164618517094996 0.275977475596013 0.0073081995514094 0.0134427097598382
ITCS ITCS ITCS 0.0169366741499139 0.0110181128189934 0.335546622130275 0.275732622724568 0.0610913634132498 0.0144353138544141 0.266706313249648 0.005978963218755 0.0125540144401823
ITCS ITCS ITCS 0.0159925633982789 0.011070838184892 0.361984600356495 0.311094050105137 0.0537439878228242 0.0145427153945753 0.211318122852116 0.00587627074620343 0.0143768511394766
ITCS ITCS ITCS 0.177386611219584 0.0307750673888809 0.306871029925144 0.105931524181805 0.120349473206234 0.041482236960794 0.143975653670401 0.0283092468967683 0.0449191565503878
ITCS ITCS BM 0.348760692325325 0.0338564040477063 0.208423095438399 0.07965727148816 0.0955264467665303 0.0474166779789948 0.0669271450687759 0.0397287052621693 0.0797035616239394
ITCS ITCS ITCS 0.164612732579527 0.0307387693108278 0.320215783396765 0.120321698561955 0.123111974289692 0.0416561273977097 0.122115390424895 0.0281121228566714 0.0491154011819571
ITCS ITCS FR 0.0148803910989649 0.00976422759962677 0.252200398430798 0.186482520028348 0.0744674142076355 0.0130772220526325 0.434656493472847 0.00560787348631764 0.00886345962282968
ITCS ITCS FR 0.0157221818152094 0.010093768923327 0.264896052810787 0.197703017692348 0.0754856263292765 0.0134778645671245 0.407441856121141 0.00579719667050029 0.00938243507028733
ITCS ITCS FR 0.0119262173105292 0.00912643519974391 0.298389547092574 0.226884767967496 0.0535050186735995 0.01218561691843 0.373837902369753 0.0048914450316568 0.00925304943621761
ITCS ITCS ITCS 0.0299909109169042 0.0152960082201337 0.38009014782023 0.362438730072975 0.0597058253143887 0.0202571304194808 0.0935317356409422 0.00941386854128713 0.0292756430536593
ITCS ITCS ITCS 0.0233940199180619 0.0141044349822309 0.389433621101647 0.372715042976814 0.0527224315199127 0.0185223150073006 0.0946770178382249 0.00817486917071593 0.0262562474850926
ITCS ITCS FR 0.0164096822279451 0.0103206197364223 0.268025061310245 0.200009094589249 0.0777642418650653 0.0137692852499254 0.398079437891293 0.00595858635820321 0.00966399077165118
ITCS ITCS ITCS 0.0251705236619578 0.0141375749107971 0.383325597626623 0.362224848027855 0.0563049451077728 0.0186077826906688 0.106805548496026 0.00824598848487767 0.0251771909934212
ITCS ITCS ITCS 0.0596560158247517 0.0198071336672036 0.348380308656097 0.316547292400514 0.0912247868572318 0.0272483540515915 0.0784742009762866 0.0149601740917047 0.0437017334746191
ITCS ITCS ITCS 0.0142100936199789 0.0118277601258934 0.405671190405952 0.391565375433459 0.0453519978768871 0.015449384684109 0.0882928230985941 0.00608768763818473 0.0215436871169423
ITCS ITCS FR 0.0105227432596132 0.00780761489312677 0.167109008438901 0.119716152164026 0.0663954890394451 0.0108240089546666 0.606794846791397 0.00447617439088366 0.00635396206794018
ITCS ITCS FR 0.010629435052772 0.00773525596651495 0.13473543462309 0.0938341220183604 0.0717078181828729 0.0108233436591579 0.659908542838372 0.0045011329035903 0.00612491475527017
ITCS ITCS FR 0.0120772802972827 0.00843838563757974 0.172950305922409 0.122287938872803 0.0743448312341847 0.0115903984077704 0.586448969419044 0.00492807413455519 0.00693381607437108
ITCS ITCS FR 0.0111616885287465 0.00876463750060257 0.286960642420426 0.214793730035423 0.0523025949318919 0.0117611964120266 0.400896456681171 0.00469332008634135 0.00866573340337118
ITCS ITCS FR 0.0128901417284874 0.00874041493991877 0.17017199582675 0.118148202700754 0.0786304852190274 0.0119732746498046 0.587079014540822 0.00517071199125501 0.00719575840318014
ITCS ITCS ITCS 0.0179514354871758 0.0114884291667324 0.357039116759976 0.306060228960749 0.0580886769237325 0.0151124813190701 0.213254735111647 0.00624601720479627 0.0147588790661211
SICO SICO SICO 0.0365489433604421 0.0183089272309074 0.372418552953211 0.374342664604434 0.0579004112611736 0.0245552670696412 0.0587296401823831 0.013023272918446 0.0441723204193618
SICO SICO ITCS 0.0208134116307062 0.0132697094572143 0.389378552888426 0.368467164667177 0.0516631257760911 0.0173741866861464 0.108527288038731 0.0074021078224829 0.0231044530330246
SICO SICO ITCS 0.0114717215502193 0.00950320212181989 0.346623672397976 0.280497547794241 0.0487468391719067 0.0126046070210038 0.274503842898631 0.00487517056998757 0.0111733964742145
SICO SICO ITCS 0.0114717215502193 0.00950320212181989 0.346623672397976 0.280497547794241 0.0487468391719067 0.0126046070210038 0.274503842898631 0.00487517056998757 0.0111733964742145
SICO SICO ITCS 0.0203618771159239 0.0126876918014402 0.380403689018882 0.349951671149744 0.0542526296062171 0.0166246747189454 0.138843380937599 0.00697722713879544 0.0198971585124523
SICO SICO ITCS 0.0273542409070535 0.0139952213029917 0.371044554350169 0.339697216455306 0.0649802470005781 0.0185163779245984 0.133709388040712 0.00823761504924378 0.0224651389693468
SICO SICO ITCS 0.015664721225128 0.0111347029032797 0.36953629457023 0.323190957853864 0.0519474887715678 0.0146022177447788 0.193026129011551 0.00585258273741111 0.0150449051821898
SICO SICO SICO 0.0841602113707643 0.027040794367117 0.291748541976936 0.310835543306992 0.0841561923921797 0.0374470258658671 0.0548464237180538 0.0264795589102661 0.0832857080918226
SICO SICO ITCS 0.0467710321502697 0.0173899864301148 0.354220001239764 0.296719083308052 0.0985501250610838 0.0235681887651363 0.122151977379255 0.0118333350915637 0.0287962705747616
SICO SICO FR 0.0180756408656795 0.0109569425021523 0.298052310518687 0.230199053688009 0.076495982910958 0.0145563906681433 0.334342757227579 0.00628554179288375 0.0110353798259086
SICO SICO ITCS 0.0164445924851547 0.0119081296458909 0.388475023793406 0.36011834518687 0.0492098924706261 0.0155467948034901 0.133334357136392 0.00626159394193122 0.0187012705362404
SICO SICO ITCS 0.0402201014347991 0.0162078263499301 0.357770968948487 0.312237877563483 0.0885991667680509 0.0218397603210374 0.126048131072622 0.0105687528842974 0.0265074146572932
SICO SICO ITCS 0.0113728210454241 0.0107775855768715 0.412634613725453 0.400796941718616 0.0436288708321443 0.0141400951361885 0.0814892024744728 0.00524471517509269 0.0199151543157371
SICO SICO ITCS 0.0392290915949778 0.016076382377342 0.347021393343579 0.273637416834328 0.102373273387882 0.0216581288805901 0.167236541831578 0.0105046505819603 0.022263121167763
SICO SICO ITCS 0.0197493633276601 0.0127024499061619 0.384590587506882 0.35727890719354 0.052477552129841 0.0166232093099567 0.129123623394379 0.00694884892174169 0.0205054583098372
SICO SICO ITCS 0.0505043993361627 0.0182433197835169 0.350630339442226 0.267170468281348 0.110281330885154 0.0247256121868079 0.137766936893288 0.0126854736922091 0.0279921194992877
SICO SICO ITCS 0.0479915111076311 0.0178833003997943 0.358603835722302 0.329138474894815 0.0837222978129539 0.0243527663477166 0.0898519765839059 0.0125099895261264 0.0359458476047546
SICO SICO ITCS 0.0304194134633306 0.0142479928075897 0.356530333016056 0.310622651384267 0.0797807689190555 0.0190135965803118 0.160191475726981 0.00865127836342051 0.0205424897389886
SICO SICO ITCS 0.0188334637608082 0.0115035903813345 0.336179412795963 0.278033036004732 0.0659563554436342 0.015092775925121 0.254793821488666 0.00635932371370542 0.0132482204860352
SICO SICO FR 0.0200553373936411 0.0114277907903978 0.246732623077375 0.168679988714197 0.0949365932503552 0.0152385277085579 0.425442767595323 0.0069903481532836 0.0104960233168699
SICO SICO ITCS 0.0186068816421879 0.0123827572933225 0.384562144426849 0.355586896277624 0.0516370511477628 0.0161919687405345 0.134794665004977 0.00668202053418117 0.0195556149325607
SICO SICO ITCS 0.0244777622912778 0.0143688291393396 0.388331701149006 0.372146581079652 0.0535290639477813 0.0188944750733959 0.092714252479047 0.00843633953703641 0.0271009953034635
SICO SICO ITCS 0.0277398111368542 0.0150836019291183 0.384518887012852 0.369253389158955 0.0562319449098521 0.0199162283688929 0.0887538817872903 0.00917047842196348 0.029331777274222
SICO SICO ITCS 0.0201995979875649 0.0136922329284318 0.397311989698412 0.384736397285367 0.0489747757809215 0.0179342543652228 0.0829046484997016 0.00775946316645553 0.0264866402879225
SICO SICO ITCS 0.0156686462922097 0.0120195965532291 0.397255145358341 0.37673161487647 0.0471755426263119 0.0156794488601196 0.108858085608156 0.00628178530698026 0.0203301345181814
SICO SICO ITCS 0.023181005715274 0.0124685292942781 0.321752585037054 0.255662886520383 0.0843671190746652 0.0164876300179701 0.265046513912975 0.00728949875573182 0.0137442316716688
SICO SICO ITCS 0.02266248809277 0.0123433893937644 0.323112392694001 0.258437462235112 0.0822545300268072 0.0163095327638055 0.264056062516306 0.0071708420434782 0.0136533002339559
SICO SICO FR 0.0259382236960215 0.0132094945506736 0.293412589174316 0.205269036525336 0.101756731481565 0.0175743646075815 0.321124595185324 0.00822639632964919 0.013488568449532
SP SP ITCS 0.0474995463390622 0.0175352281690388 0.3533699854191 0.291208699942014 0.101011861279855 0.0237738314933233 0.125013365461066 0.0119837983667893 0.0286036835297517
SP SP ITCS 0.188585324961795 0.0317140071854267 0.270568169375375 0.154009402337687 0.119741902909479 0.0441430382207987 0.0728367985119325 0.0328909845401459 0.0855103719573606
SP SP ITCS 0.110999525341977 0.0284573924722991 0.275705442896097 0.265796837384136 0.101610412471618 0.039745385026747 0.0587487895866479 0.0288239449479775 0.0901122698725001
SP SP ITCS 0.044219668366506 0.0171949183007032 0.361276377101229 0.331401485664638 0.0815260150682942 0.0233193433978346 0.0962496502767811 0.0116851412937127 0.0331274005303012
SP SP ITCS 0.158372224221709 0.0302153979215043 0.276132496020468 0.187283160452795 0.119848971225599 0.0421472160968681 0.0691364886794731 0.0306344621677925 0.0862295832137899
SP SP ITCS 0.0535761135386627 0.0192637532175889 0.347020709340532 0.233610271973255 0.119216971006784 0.0258824633280478 0.160932051468403 0.0135417535065932 0.0269559126201344
SP SP FR 0.0203946837012804 0.0115399935859237 0.248415027624052 0.16936474427482 0.0956442944528576 0.0153813035432227 0.421545578516797 0.00707510598445379 0.0106392683165929
SP SP ITCS 0.0314497758807908 0.0158259379632555 0.380023825673735 0.365398574010825 0.0594914793857628 0.0209968563481477 0.0851241985116403 0.00997137974565164 0.0317179724801921
CROA CROA GR 0.32638310766552 0.0474044464011115 0.0292421619408066 0.0117675595252988 0.0177304752767826 0.0324568560063831 0.0139843385619638 0.459316556002288 0.0617144986198463
CROA CROA GR 0.243199426397354 0.0467513105072348 0.028332446059222 0.0111383069526725 0.0167499209339694 0.0310188639556998 0.0133865112097278 0.561958357528231 0.0474648564558876
CROA CROA GR 0.218554763357655 0.046223432998089 0.0283311485561355 0.0109583835233282 0.0165298513279125 0.0309434868721741 0.0133170194147977 0.59247726007436 0.0426646538755485
FR FR FR 0.00175458117447719 0.00249512203986058 0.066078306608496 0.0403380160854264 0.0223453154391932 0.0046313081883815 0.859398445979597 0.00111017802519012 0.00184872645937783
FR FR FR 0.00218513316746394 0.00283952750137359 0.0428348096652531 0.0280149195389711 0.0243231891313077 0.00510377012913518 0.891464283283362 0.00130196723553343 0.00193240034760095
FR FR FR 0.00327574856660145 0.00375303914844084 0.0831516363021903 0.0541487348961521 0.0300521412111666 0.006170015188709 0.814775411603732 0.0018639142013407 0.0028093588816667
FR FR FR 0.00236437863500445 0.00298169156527414 0.0420313390266648 0.0279986894687488 0.0254328786714441 0.00528533638967178 0.890496194191763 0.00138342369864085 0.00202606835278821
FR FR FR 0.00310071574831668 0.00357429005822242 0.0602686194230739 0.0402993172210412 0.029429277401961 0.00598850330224987 0.85303169734535 0.00175466690001784 0.00255291259976736
FR FR FR 0.00230124276981959 0.00293904446087619 0.0458303448455219 0.0300058307041743 0.024998633189556 0.00522501574043921 0.885317234562715 0.00136301765352614 0.0020196360733721
FR FR FR 0.00479829649332629 0.00503191468642629 0.171534764337077 0.112810071257568 0.0360939491547449 0.00757558722162529 0.655241321007006 0.00256136746198421 0.0043527283802413
FR FR FR 0.00748580991626874 0.00629382322465853 0.119157369904264 0.0854952270638231 0.053519763543391 0.00911132523608463 0.710554705459947 0.0035022065166788 0.00487976913488445
FR FR FR 0.00806605237634635 0.00758066502223607 0.291770351561726 0.212247665382273 0.0444543921094043 0.0103961127772455 0.413814117506273 0.00387935849230688 0.00779128477218916
FR FR FR 0.00175458117447719 0.00249512203986058 0.066078306608496 0.0403380160854264 0.0223453154391932 0.0046313081883815 0.859398445979597 0.00111017802519012 0.00184872645937783
FR FR FR 0.00221641443320587 0.00294360708301464 0.0960380422858214 0.0588930324195104 0.0253412681919823 0.00516835946348785 0.805687207590727 0.00136136419779794 0.00235070433445265
FR FR FR 0.00318897656720296 0.00358638818023225 0.0310375720574542 0.0245079004951597 0.0346311932125838 0.00605917067987899 0.89297499524037 0.00168248590606095 0.00233131766105715
FR FR FR 0.00980121996739406 0.0075640399645123 0.177464990878595 0.127314254508863 0.0601965294026498 0.01049983551665 0.596662579295218 0.00427237753052861 0.00622417293558983
FR FR FR 0.00438861426947668 0.00440356201845439 0.0465666886975361 0.0356179184044593 0.0421390291374951 0.00702815740279536 0.854606314048285 0.00222078536133002 0.00302893066016762
FR FR FR 0.0040480575443469 0.00431080030614418 0.0952981802393368 0.0633321207213155 0.0336896571434391 0.00681666144542202 0.787012926319544 0.00221185758281696 0.00327973869763407
FR FR FR 0.00368929993373008 0.00393395823421753 0.0411946083805998 0.0315550678263109 0.0363728999783315 0.00647884654547809 0.872171445417471 0.00193196766741524 0.0026719060164457
FR FR FR 0.00746787839631453 0.0062029282934869 0.0942985967771794 0.0681222342200869 0.0577541165639908 0.00907285689877542 0.748963296701333 0.00344903704118982 0.00466905510764306
FR FR FR 0.0116133773335302 0.00819089719878715 0.153420912225927 0.107343765368129 0.0745275273603617 0.0113347704587497 0.622153303547562 0.00480072866969215 0.0066147178372617
FR FR FR 0.00462155123591213 0.00474723515871606 0.119555083459717 0.07952707563681 0.0358965040859652 0.00729595191534928 0.742148339566746 0.00246889100504126 0.00373936793574376
FR FR FR 0.0100667183854541 0.00755741829582983 0.151053624816804 0.107997524121578 0.0661187473141592 0.010559614555794 0.6362562949889 0.00433534323598842 0.006054714285493
FR FR FR 0.00318897656720296 0.00358638818023225 0.0310375720574542 0.0245079004951597 0.0346311932125838 0.00605917067987899 0.89297499524037 0.00168248590606095 0.00233131766105715
FR FR FR 0.00572198777742886 0.00522922300532631 0.070659779948158 0.052619420683184 0.0482607578192786 0.00797027170116039 0.802942498005305 0.00279386901347545 0.00380219204668329
FR FR FR 0.00540143208197261 0.00508797424532222 0.0823211930956979 0.0591157353907763 0.04334443515632 0.00776276224527653 0.790475462607062 0.00271643230510004 0.00377457287247273
FR FR FR 0.00475081196309233 0.00462614072902665 0.0526726542753058 0.0403308188192944 0.0437560797900876 0.00729656761173868 0.840946003554883 0.00237920549008395 0.00324171776648768
FR FR FR 0.00935247713779816 0.00734058060766824 0.169414124169118 0.121268164215975 0.058600187112391 0.0102480727034227 0.613648896936913 0.00413591573952944 0.00599158137718489
FR FR FR 0.00467540454479947 0.00460958422875706 0.0631583139726237 0.0462804656723305 0.0405840100244859 0.00723916774682594 0.827748781216108 0.00239473529589136 0.00330953729817804
FR FR FR 0.00361925707991749 0.0038851562628513 0.0328700533429271 0.0262950725639838 0.0390099607474803 0.0064299541365227 0.883493814412154 0.00185565018302276 0.00254108127114005
FR FR FR 0.00641226336404753 0.00566661174675188 0.0928200600109166 0.06734457780459 0.0496748161307347 0.00842934182418484 0.762297435745018 0.00309467420912826 0.00426021916462793
FR FR ITCS 0.00911836349589371 0.00860038073061369 0.341025738591478 0.267992029554345 0.0458556285494173 0.0115478036960291 0.301734411654054 0.00432455698366345 0.00980108674450678
FR FR FR 0.00368929993373008 0.00393395823421753 0.0411946083805998 0.0315550678263109 0.0363728999783315 0.00647884654547809 0.872171445417471 0.00193196766741524 0.0026719060164457
FR FR FR 0.00361925707991749 0.0038851562628513 0.0328700533429271 0.0262950725639838 0.0390099607474803 0.0064299541365227 0.883493814412154 0.00185565018302276 0.00254108127114005
FR FR FR 0.00654685055572707 0.00569301494661132 0.0774910859873531 0.0567455369500674 0.053864787520755 0.00850587743864042 0.783871202078461 0.00309911513941544 0.00418252938296969
FR FR FR 0.00340099535990751 0.00396145606733485 0.13441124608634 0.0853452198088556 0.0309151578403878 0.00636465630766853 0.730344925014964 0.00194339059757661 0.0033129529169648
FR FR FR 0.00326616516175814 0.00363897423643108 0.0290140472706253 0.0235286750463568 0.0366230899218547 0.0061329805211053 0.893763477470296 0.0016960143472161 0.00233657602435632
FR FR FR 0.00326616516175814 0.00363897423643108 0.0290140472706253 0.0235286750463568 0.0366230899218547 0.0061329805211053 0.893763477470296 0.0016960143472161 0.00233657602435632
FR FR FR 0.00729070702587121 0.00610613225141772 0.0927522803929979 0.0677533974855469 0.0566333185912294 0.00896321291046877 0.752523766219829 0.0033867055943726 0.0045904795282661
FR FR FR 0.00490785107341063 0.00473852737664383 0.0600156768077727 0.0449726790195054 0.0433522743057352 0.00740731791858992 0.828760679494185 0.00246737342914062 0.00337762057501669
FR FR FR 0.00550632516274147 0.00513557540266486 0.0788085797112157 0.0572589497707545 0.0447707846612722 0.00782982022619425 0.794158050583085 0.00274435194069601 0.00378756254137617
FR FR FR 0.00850474582490585 0.00678320054666223 0.124089424959513 0.0892843596347921 0.0600832082347475 0.00968953125672208 0.69244729922739 0.00383299421757289 0.00528523609769473
FR FR FR 0.00874841783307243 0.0068138607620116 0.0997505573599951 0.0701867663885239 0.0654771608115315 0.00980119928633457 0.73015660167719 0.00387688234615959 0.00518855353518114
FR FR FR 0.00840446186854766 0.00678494239689517 0.1361438188996 0.0975901231498773 0.0574136825031717 0.0096585486697778 0.674835011246887 0.00381711282546645 0.00535229843977665
FR FR FR 0.00302252352351645 0.00353047719493896 0.0656570983989711 0.0432266348095894 0.0288829469782235 0.00592613903061363 0.845473141874935 0.00172929512442866 0.00255174306478367
FR FR FR 0.00541761508322776 0.00503188520505885 0.0607157940317013 0.0460276285349279 0.0479053399028074 0.00776587951793675 0.820895734675911 0.002650170739525 0.00358995230890434
FR FR FR 0.00818197954503986 0.00663375122271323 0.123190272706182 0.0886522366423982 0.057937884636301 0.00951057888167913 0.696999822203502 0.00373034087609911 0.00516313328608533
FR FR FR 0.00281861971572 0.0033034186597392 0.0289524328350624 0.0225893878464843 0.0309176671735448 0.00572408482232993 0.902032823293459 0.001524115742885 0.00213744991077529
FR FR FR 0.00448487212442959 0.00447156210706347 0.0547135808860271 0.0410298409411924 0.0406567116334715 0.00709781587968599 0.842102070456087 0.00229219229792975 0.00315135367411273
FR FR FR 0.00692621429260277 0.00582785165247879 0.0575120745946985 0.0402236710282971 0.0600366707051952 0.00873972840153014 0.813417361959821 0.00315912362277816 0.00415730374259907
FR FR FR 0.00395869750025691 0.00424463476749829 0.0925333886557936 0.0614493612573064 0.0333019441319605 0.00674241098922123 0.792382067319147 0.00217132508636709 0.00321617029244907
FR FR FR 0.00417410469281703 0.00428068669033985 0.0553689845967081 0.0405965388915978 0.0376764016252241 0.00686119975701623 0.845839283582365 0.00217898039028946 0.00302381977364257
FR FR ITCS 0.00983036279606661 0.00918420629796192 0.362351834642577 0.300251670542289 0.0461727684688203 0.0122090878791604 0.244236468854234 0.00456678165869309 0.0111968188601974
FR FR FR 0.00437948788711846 0.00438789667017081 0.0418611216431085 0.0325546106577893 0.0437166523188903 0.00702557570670308 0.860912109971736 0.0021909305243016 0.00297161462018187
FR FR FR 0.00489990537016818 0.00481028612858478 0.085836203593639 0.0599313981779515 0.0392047250028209 0.00742307243542292 0.791762306501945 0.00253929856332414 0.00359280422614347
FR FR SICO 0.0254644911112378 0.0168592249200783 0.384826446094389 0.399695538785844 0.0506650330849279 0.0223333503164599 0.0447278920920446 0.0114914127308806 0.0439366108641375
FR FR ITCS 0.010686986574976 0.00915380008087863 0.340374981033777 0.270631135352818 0.0479194363894817 0.0121928398978299 0.293848626790821 0.00468011149777694 0.0105120823816411
FR FR FR 0.00641357958280262 0.00594608372508805 0.165410915207375 0.113092119926608 0.0424205237192734 0.00862212120524253 0.64998843280323 0.00318262279146534 0.00492360103891455
FR FR FR 0.00477724801892354 0.00467578858982869 0.0650952718274895 0.0476344528575223 0.0411007673267476 0.00731382343629261 0.82359420111803 0.00243885915143128 0.00336958767373511
FR FR FR 0.00584077642956694 0.00529134753446419 0.067046503297944 0.0497123060667382 0.0502541796184886 0.00805006767855581 0.807164476609849 0.00282355175183647 0.00381679101255681
FR FR FR 0.0039679522471536 0.00412745989694962 0.0410541187134839 0.0317152891398243 0.0395617720965337 0.00670421464911218 0.868041205910728 0.00203701031436271 0.00279097703185274
GR GR MAC 0.311798949497192 0.0593526707754871 0.0537619496583865 0.0350577428060737 0.0423740227882856 0.0565629115483468 0.0335744339054002 0.0678547942405245 0.339662524780303
GR GR BM 0.522680909890883 0.0443297950937441 0.0289089595920743 0.011984269115678 0.0187542753085638 0.0342987502639399 0.0146634434948643 0.216142899142189 0.108236698098063
GR GR GR 0.317004799563348 0.0467003199979422 0.0358040104779754 0.0129742690822372 0.020159381695662 0.0376261472045366 0.0161549487186063 0.464743176620654 0.0488329466390388
GR GR GR 0.0629398986380888 0.0434655802658519 0.019973818120898 0.00733979770543506 0.0113517752434776 0.0233813896404425 0.00971549078729813 0.803940358873365 0.0178918907251437
GR GR GR 0.108460719153713 0.0444930502808437 0.022692597941928 0.00870615937095402 0.0131851829756032 0.0254055375729295 0.0109298055449892 0.739924214147293 0.0262027330117461
GR GR GR 0.109464106609531 0.0452344280099392 0.021660210410254 0.00853565133596859 0.0128219113493586 0.0241283402953133 0.0105339172169134 0.740197832459163 0.0274236023135583
GR GR GR 0.137148850919807 0.0451051485130747 0.0239445073549304 0.00933456997508048 0.0140369968226185 0.0265426252172718 0.0114988841905578 0.701065378569601 0.0313230384370579
GR GR GR 0.229289816550622 0.0471647458242871 0.0256592591316909 0.0105335527365981 0.0156142772044929 0.0286160266922455 0.0124273180348765 0.580797378364598 0.0498976254605895
GR GR GR 0.255908290264962 0.0469765838270682 0.028364433692764 0.0112284182372512 0.0168692820527869 0.031121252532183 0.0134354723595176 0.546148697667086 0.0499475693663815
GR GR GR 0.123417022409332 0.0447863764654755 0.0234330344205569 0.00905992333769695 0.0136700232608454 0.026078566831194 0.0112612731068283 0.719466124044791 0.0288276561232799
GR GR BM 0.465698891243362 0.0462541622572657 0.0291353809457457 0.0120100795448875 0.0184999336954159 0.0338731470831205 0.0144179667623088 0.28924188071722 0.0908685577506745
GR GR GR 0.213034646422424 0.0466670581104718 0.0259133450008364 0.0104610910127355 0.0155695014425516 0.0286874263797363 0.0124672283886033 0.601740639741617 0.0454590635010243
GR GR GR 0.05128537007908 0.0441622635954327 0.0181549966031181 0.00672247397113266 0.0104051624138047 0.0214739387685483 0.00894016748264726 0.822856354213465 0.0159992728727712
GR GR BM 0.585012558046707 0.0393655614706837 0.0329336242960845 0.0142729450610043 0.0222518937241504 0.0363462527346138 0.0176883942965461 0.0955097932695181 0.156618977100692
GR GR GR 0.29109915560398 0.0476142820900324 0.0273470393502767 0.011237316058959 0.016747442042183 0.030704383492564 0.0132250886125803 0.502171699154888 0.0598535935945357
GR GR GR 0.050213547523737 0.0441839391160063 0.0180326704975313 0.00667025761575921 0.0103310191106751 0.0213735313516086 0.00888612398280936 0.824510639662171 0.0157982711397021
GR GR GR 0.0730028764807806 0.0443369415297875 0.019941613723744 0.00757360378505188 0.0115679284475572 0.0228050659222987 0.00973669228794748 0.790875514851261 0.0201597629715713
GR GR GR 0.034704704237433 0.04369109758764 0.0166465747828475 0.00588025764768678 0.00929630295213455 0.0209172019995223 0.00824504322415074 0.847962933935892 0.0126558836326936
GR GR GR 0.197909196246307 0.0459131231690824 0.0268960943470374 0.0105265434998645 0.0158007657776964 0.0295715596918776 0.0127807279186184 0.620106049621458 0.0404959397280584
GR GR GR 0.0759748988119821 0.043610947117084 0.021084497165925 0.00783237116697852 0.01203741199104 0.0242704944001347 0.0101992426691262 0.784787688720321 0.0202024479574093
GR GR GR 0.0407177222904276 0.0443678011955711 0.0169202532658424 0.00617339238023543 0.00963338064802646 0.020541870108168 0.00838829500632663 0.839292262078038 0.0139650230273647
GR GR GR 0.0596830384066878 0.0433180980758569 0.0198046948671663 0.00722663229692851 0.0112107287069945 0.0233510619385997 0.00963682277344066 0.808509440541562 0.017259482392764
GR GR GR 0.0382945408534318 0.0439813153964958 0.0169013075623917 0.00607303103537 0.00953333277215776 0.0208179235698399 0.00836901225225659 0.842622893181751 0.013406643376305
GR GR GR 0.0687384151181951 0.0431356864578321 0.0209937052944783 0.00765438374302557 0.0118494259299832 0.0245250388721575 0.0101406266815757 0.794221805235756 0.0187409126669965
GR GR GR 0.0361280473646314 0.0441692118108601 0.0165179276894139 0.00592620271046464 0.00931495980073215 0.0204702370622124 0.00819844948540176 0.846271005996537 0.0130039580797468
GR GR GR 0.0404678828023514 0.0440980670027674 0.0170737364678221 0.0061855382969278 0.00967596482831064 0.0208259660672544 0.00845075399975017 0.839362765029566 0.0138593255052507
GR GR GR 0.104554154039214 0.0444375937854954 0.0224512112503436 0.00860095252590684 0.013037408664984 0.0251798679258984 0.0108241268549059 0.745376386282921 0.025538298670331
GR GR GR 0.0504000912494367 0.0435142648457471 0.0186229262251283 0.0067670541765713 0.0105403992602978 0.0222812173498409 0.0091269436594267 0.823111487935187 0.0156356152983643
GR GR GR 0.0494310288226504 0.0412532108336076 0.0213233926347957 0.0071855352161384 0.0114539803077052 0.0268149946776304 0.0102167432240595 0.817110005358757 0.0152111089246561
GR GR GR 0.0588598994723223 0.0428673453418924 0.0202489133240135 0.00727834362538809 0.0113457448312774 0.0240927756545676 0.00981225235086645 0.808526757166442 0.0169679682332309
GR GR GR 0.0569192935212708 0.0438890062720771 0.0189402119774212 0.0070108789363765 0.0108356479066648 0.0222426699144476 0.00927946099742475 0.813910815646603 0.0169720148277148
GR GR GR 0.0719837561703734 0.0427970162437215 0.0218718550905228 0.00788261420893943 0.0122354335234296 0.0256172954534611 0.0104985608270606 0.787993650041147 0.0191198184413442
GR GR GR 0.0502757686070206 0.0434530012979985 0.0186659960098911 0.00676987443842639 0.0105515400696368 0.0223608587867394 0.009143963858514 0.823182766165328 0.0155962307664452
GR GR GR 0.0349558558742187 0.0436234635220981 0.0167252247821889 0.00590288161452875 0.00933385321568901 0.0210144386581846 0.00827921385735192 0.847467446581053 0.0126976218946867
GR GR GR 0.0339140414578675 0.0443093624457959 0.016157313850823 0.00577548957010933 0.00909678261025635 0.0201864568523065 0.00803547305634689 0.849948649087694 0.0125764310688006
GR GR GR 0.0762625119670733 0.0441731799924217 0.0204041008318769 0.00772206022007566 0.0117999514952916 0.0233099341184551 0.00993109704127572 0.785769756752655 0.0206274075808752
GR GR GR 0.0382945408534318 0.0439813153964958 0.0169013075623917 0.00607303103537 0.00953333277215776 0.0208179235698399 0.00836901225225659 0.842622893181751 0.013406643376305
GR GR GR 0.0614583711497197 0.0436202123153391 0.0196541571382534 0.00724884023979925 0.0112026792216475 0.0230025314055415 0.00958249910803746 0.806536935357397 0.0176937740642648
GR GR GR 0.0363876275714968 0.0437705175396717 0.0168103518375153 0.00597882439374718 0.00942431519925425 0.0209366637576803 0.00832189394892431 0.845372143390154 0.0129976623615568
GR GR GR 0.125376574350628 0.0450987057908933 0.023034974857541 0.00901310593651508 0.0135491510327395 0.0255874491900183 0.0111151338865829 0.717552708237387 0.0296721967176945
GR GR GR 0.0591332333779116 0.0431939646766127 0.0198873255284883 0.00722547426376535 0.0112255875172948 0.0235172232761899 0.00966812636188823 0.809030086479271 0.0171189785185784
GR GR GR 0.179131893586493 0.046247108005297 0.0246813181389042 0.00993035233385566 0.0147805959459772 0.0272984722279193 0.0119076987489483 0.646132823097004 0.0398897379156025
GR GR GR 0.0492727269797068 0.0441796567413859 0.0179431002340981 0.00662661994978328 0.0102715601113025 0.0213147554640136 0.00884583306103039 0.825932124073791 0.0156136233848885
GR GR GR 0.0260110328425843 0.0437533260862876 0.0153190760178715 0.00523747199149545 0.00840331245839531 0.0202792504050767 0.00763133334302683 0.862440103325224 0.0109250935300388
GR GR GR 0.0802123703961979 0.0433391193353836 0.0219116732230302 0.00806594692989436 0.0124196333065316 0.0252377006751701 0.0105384795890357 0.777557435025043 0.0207176415197126
GR GR GR 0.112678277967261 0.0440399411029844 0.0239331713403915 0.0089989833543376 0.0137035823550849 0.0268775108955031 0.0114209575803485 0.732164432269267 0.0261831431348225
GR GR GR 0.0678449994430276 0.0443523995859026 0.0194866436193042 0.00738036687149544 0.0112946439629035 0.0223998357791237 0.00953763369366219 0.798477761135499 0.0192257159090816
GR GR GR 0.0786044883435713 0.0440914259693815 0.0207070079935464 0.00782284189965712 0.0119551078344569 0.0236334342503658 0.0100586054471298 0.782152027096936 0.0209750611649553
GR GR GR 0.28047956643275 0.0473739546529205 0.0276577381960976 0.0112438013119927 0.0167895740046293 0.0308107988125135 0.0132993701125535 0.515793665489464 0.0565515309870788
GR GR GR 0.266966049613878 0.046578974709615 0.0404865563032734 0.0137054784682274 0.0215533633190417 0.0425174757093591 0.0177433529473208 0.509729796039001 0.0407189528902843
GR GR GR 0.0494403208750908 0.0438899153129629 0.0181939458019785 0.00667010900072395 0.0103630525680722 0.0216926887146436 0.00894877582557264 0.825241712154331 0.0155594797466247
GR GR GR 0.110337099957299 0.0446069557048138 0.0226612641703132 0.00872923969601553 0.0132015795992407 0.0253329913179284 0.0109236163981481 0.73756408604753 0.0266431671087108
MAC MAC BM 0.539815078519454 0.0434862585331124 0.0289370149609868 0.0120384053823731 0.0189272438061199 0.0344749356012096 0.0148393877345804 0.191670739222673 0.115810936239492
MAC MAC MAC 0.210033862584616 0.0702413538654267 0.0663458248613987 0.0497399308839503 0.0546303782055696 0.0664360992326845 0.0416037957286297 0.07352042492796 0.367448329709764
MAC MAC BM 0.540546781398532 0.0435308223582395 0.030130499308325 0.012216740250588 0.0193533349601966 0.0346156161720749 0.0150793160786338 0.201584813377283 0.102942076096127
MAC MAC BM 0.486665569125791 0.0457351132641919 0.0326577047604867 0.016811417891612 0.0239260775609683 0.0410217236366513 0.0195650213403145 0.0965351727414968 0.237082199678487
MAC MAC BM 0.589812425155697 0.033626074213305 0.0563824453514672 0.0245841903570186 0.0358684603125171 0.0386249686524338 0.0273431255343276 0.0419062368087841 0.151852073614449
MAC MAC MAC 0.217343296142577 0.054554457106074 0.111562092092085 0.0953391672421352 0.0813545267125649 0.0614536955369059 0.0555288358130732 0.0643882582555101 0.258475671099075
